Size is: 100
Matrix: 
80 28 16 73 9 68 75 80 81 33 20 15 26 37 72 24 29 21 56 30 57 13 5 83 62 89 81 42 45 68 94 26 96 10 51 57 30 26 38 11 11 10 27 37 48 51 14 29 72 70 11 30 35 16 65 49 58 46 91 55 67 37 33 15 47 84 73 77 62 11 41 74 73 20 63 21 71 77 51 43 99 62 25 34 31 91 83 89 89 26 44 56 63 78 72 62 62 45 92 25 
8 85 51 81 5 66 55 76 44 58 71 43 72 97 30 3 40 13 92 81 40 89 38 55 67 62 70 81 59 62 58 67 47 9 0 52 28 7 80 72 65 51 67 38 48 49 93 40 63 38 22 55 27 12 62 46 74 32 27 33 46 38 52 93 99 4 97 27 12 77 51 29 81 71 67 29 20 13 22 35 51 44 90 78 56 5 24 30 37 3 15 84 41 19 29 41 23 79 20 87 
56 72 17 37 43 36 19 63 49 41 99 0 37 41 78 93 98 54 75 36 58 42 72 51 61 53 44 36 32 65 24 41 37 93 78 32 29 49 95 79 42 46 79 79 40 10 72 38 64 99 26 74 41 98 26 2 4 70 39 36 87 15 77 24 8 8 8 37 57 4 68 52 2 0 31 42 10 56 33 26 55 59 53 49 10 79 51 14 1 42 50 41 57 80 17 17 88 26 7 97 
30 75 49 84 75 33 79 37 41 12 16 48 23 69 97 33 0 49 99 1 43 2 42 53 82 60 70 22 38 29 19 68 5 21 4 32 54 83 22 47 95 38 95 71 7 93 56 7 94 56 60 89 10 55 42 44 67 65 66 5 94 85 25 51 58 29 84 12 13 58 11 60 96 7 31 55 52 88 62 46 96 74 35 6 29 30 50 48 95 16 53 41 53 78 93 12 60 29 76 73 
87 88 85 35 47 17 90 99 57 52 97 53 78 84 11 8 14 61 8 61 29 62 3 34 92 48 98 4 77 27 29 16 67 15 51 14 84 41 65 41 45 14 46 23 98 57 83 65 70 44 78 51 6 81 37 50 81 36 55 58 15 36 26 82 51 77 48 35 70 13 28 67 27 26 43 77 35 78 94 5 22 73 8 80 6 46 31 88 34 38 98 49 74 25 31 78 54 79 65 25 
44 46 44 71 72 87 0 8 66 95 65 88 68 74 21 74 20 52 14 54 42 13 3 68 90 86 46 44 65 12 21 9 10 66 32 82 5 84 90 71 79 8 12 99 82 85 26 2 37 40 8 31 5 63 51 95 49 98 40 66 62 13 27 72 79 11 6 37 95 49 60 27 57 72 78 39 57 56 93 46 97 53 29 54 16 81 50 17 31 42 35 93 55 14 17 87 25 23 24 72 
24 84 51 81 9 30 72 18 86 65 17 35 70 46 42 38 79 92 55 10 86 42 55 41 56 72 80 33 48 4 58 72 89 9 6 50 91 78 68 30 96 85 17 66 84 59 5 63 3 12 74 89 7 29 83 63 54 63 49 54 68 7 78 9 68 36 59 12 15 79 42 63 65 59 81 49 71 38 64 74 51 90 64 58 20 47 73 26 10 74 32 30 33 62 39 2 99 50 14 66 
30 8 29 95 67 10 96 90 49 12 65 52 3 29 62 75 28 87 1 38 62 85 69 95 47 60 49 46 11 15 12 41 23 93 88 43 56 36 33 57 48 98 61 51 79 23 26 7 10 79 46 24 16 67 72 64 27 21 62 90 37 27 83 60 20 71 55 28 59 89 85 8 39 46 11 19 21 90 26 32 21 72 8 38 91 80 2 19 2 64 61 91 91 45 3 64 68 59 92 28 
0 78 88 39 76 51 10 98 41 37 82 63 61 90 53 53 23 55 24 77 71 85 68 15 82 23 31 51 34 23 79 34 53 67 26 30 18 36 80 12 25 62 27 87 4 80 92 27 87 68 4 58 5 24 25 88 0 56 39 34 80 70 21 85 37 47 67 7 35 47 71 13 9 98 52 66 78 96 45 65 64 50 76 69 26 1 9 26 10 48 61 90 18 34 27 7 33 95 67 68 
42 38 33 4 37 85 70 67 81 15 85 97 17 61 19 96 14 28 22 24 29 35 66 99 69 94 59 54 89 26 23 31 16 8 87 5 46 9 73 79 25 58 77 94 71 48 90 85 76 65 10 57 52 76 9 74 70 68 28 11 46 3 95 14 64 82 20 10 92 45 89 69 55 18 15 26 66 6 11 95 23 73 52 27 50 13 53 72 33 82 36 79 37 31 46 1 65 66 63 9 
63 53 30 18 71 46 44 38 4 7 85 27 81 37 6 83 3 60 7 36 94 43 68 31 26 14 85 44 32 48 53 95 53 84 13 25 30 57 15 34 16 52 13 97 89 71 32 44 31 40 81 25 35 49 9 14 15 46 58 47 46 11 42 0 47 55 77 29 64 44 15 80 96 28 30 37 0 62 82 83 54 15 61 42 64 22 56 79 20 14 26 66 77 20 66 25 75 95 6 39 
39 22 71 87 2 1 25 54 16 59 38 70 74 51 12 90 73 68 21 93 34 99 59 64 19 78 89 94 25 47 85 17 69 56 4 72 10 81 26 26 40 16 96 66 67 61 56 40 81 77 85 16 28 97 80 47 75 21 93 52 68 30 69 90 87 26 62 97 7 40 75 0 57 71 66 24 84 75 65 66 4 50 34 33 47 14 80 74 87 74 79 7 4 0 97 43 26 11 92 86 
52 67 86 9 91 4 33 75 79 50 93 84 53 27 17 52 93 49 79 80 75 58 40 32 58 89 27 85 1 72 23 5 39 61 14 82 65 99 10 97 50 3 33 55 83 2 7 76 51 86 9 79 44 49 11 55 90 90 40 91 62 15 96 54 76 62 88 41 62 98 90 64 54 23 19 37 77 26 13 29 13 74 60 9 75 23 64 66 13 56 9 76 71 58 82 99 20 70 93 82 
69 83 98 75 59 17 12 36 96 77 17 61 4 77 70 79 0 87 45 66 43 7 94 67 65 76 66 85 46 59 20 67 95 18 42 54 88 6 42 84 36 60 45 40 89 67 19 42 54 17 8 50 24 54 69 41 30 87 26 28 99 46 96 46 17 90 0 57 97 94 41 85 54 38 25 96 57 96 38 64 65 98 14 41 52 35 82 82 22 61 10 73 59 58 19 76 49 71 33 98 
66 26 83 72 16 60 68 74 8 58 38 74 56 4 67 8 91 2 42 65 63 5 39 22 63 10 99 64 82 84 14 0 63 49 72 31 9 93 5 70 51 95 96 8 51 63 68 42 65 11 8 28 68 99 51 31 9 2 48 91 38 62 91 53 12 16 85 73 9 42 43 12 38 39 72 41 55 93 84 20 4 44 1 24 43 4 55 4 58 3 96 96 18 39 2 30 7 87 55 68 
29 99 81 19 90 5 61 45 98 97 66 54 41 19 78 36 23 86 40 81 41 88 29 59 80 31 41 87 70 97 8 0 48 41 71 38 46 32 84 45 81 50 51 22 21 30 10 44 16 51 77 57 91 58 69 71 42 10 11 12 59 71 64 7 12 36 46 58 20 30 55 2 32 59 76 53 89 87 49 57 90 26 66 81 36 35 5 78 98 68 91 57 39 55 65 51 43 63 61 64 
93 69 18 77 28 94 82 69 81 31 78 23 9 44 5 45 32 62 76 30 30 67 87 21 74 4 24 70 67 37 34 12 58 52 41 38 46 23 7 80 6 37 3 15 82 60 13 14 74 89 44 56 8 83 77 82 40 1 52 59 91 38 72 49 42 65 88 41 89 47 73 95 85 76 63 67 89 76 33 63 17 29 20 25 12 49 59 4 3 64 64 94 54 88 43 97 53 31 38 94 
31 63 90 16 39 5 35 80 33 68 96 50 49 68 27 13 17 86 18 20 2 82 14 57 70 10 6 75 93 96 70 24 59 12 92 50 17 27 83 50 47 79 52 96 47 79 10 16 17 28 37 20 62 3 29 84 13 87 59 7 35 29 83 94 93 76 96 10 3 79 12 3 10 64 99 57 43 61 26 61 41 63 33 3 18 14 39 32 53 99 91 88 80 74 34 74 2 82 36 6 
62 49 9 72 13 60 82 9 22 8 22 15 23 7 19 41 73 58 25 26 9 68 66 42 95 52 16 97 34 4 55 48 53 16 73 19 77 55 80 51 15 2 66 90 61 37 83 34 48 61 12 9 29 78 51 24 30 19 74 16 24 29 65 29 46 38 0 75 45 80 78 60 34 44 2 95 34 85 81 34 46 45 43 28 23 95 4 5 66 78 74 90 60 39 72 58 77 72 33 22 
5 63 34 39 59 88 87 93 73 20 27 72 66 23 52 41 18 56 99 36 87 73 27 99 12 51 57 41 75 42 63 80 5 49 72 64 37 11 10 62 31 37 86 49 60 90 91 30 47 90 67 86 63 46 85 27 49 94 68 24 88 83 5 93 32 29 9 21 40 19 35 71 9 74 73 21 64 64 4 63 6 23 49 69 21 86 48 70 80 16 46 20 99 3 13 83 32 75 56 72 
46 91 96 7 65 69 29 82 85 85 45 91 60 95 12 81 33 60 3 66 28 49 86 79 5 52 62 37 27 18 62 25 61 10 33 79 79 14 61 16 99 6 7 11 53 71 92 39 31 47 5 11 48 43 90 53 95 52 91 74 22 5 0 83 15 33 14 94 99 75 62 50 34 69 61 87 40 53 26 23 52 83 34 0 27 24 54 22 28 97 49 2 2 49 37 69 34 52 15 33 
27 77 35 61 98 96 1 38 1 79 13 53 63 99 5 42 75 11 16 3 60 65 5 14 66 94 83 52 46 98 37 74 75 72 87 73 68 40 63 69 20 28 74 35 27 80 77 2 91 93 57 52 11 14 66 77 9 2 82 7 0 19 33 28 92 21 1 12 13 17 82 85 45 8 20 25 88 49 79 32 95 89 36 6 55 54 35 16 56 17 24 57 89 57 85 81 30 38 45 44 
7 79 29 5 88 2 82 28 51 61 60 98 2 96 4 58 3 92 74 59 61 50 68 50 8 5 83 90 96 29 34 3 8 16 60 96 18 42 77 21 4 37 20 58 86 76 68 89 20 95 48 82 45 69 84 5 74 68 96 70 49 82 74 57 98 34 6 68 77 83 42 33 72 14 43 58 90 12 99 11 7 0 45 52 69 29 58 43 97 6 14 46 88 40 56 39 74 14 7 3 
49 49 88 21 63 32 32 6 44 31 69 3 31 14 55 0 43 65 96 93 23 10 91 12 50 47 51 76 13 10 32 62 12 20 84 27 4 68 33 0 99 2 3 83 68 11 35 64 28 31 57 52 93 48 16 43 48 67 72 13 29 4 76 41 24 12 69 81 80 2 81 31 57 85 66 77 96 2 41 76 85 98 28 79 99 44 74 99 63 46 12 93 50 40 34 27 4 55 8 84 
10 41 68 67 26 34 44 74 88 38 51 74 88 31 5 87 76 79 38 39 78 3 84 80 95 71 7 0 26 67 36 36 9 4 55 87 91 0 14 31 90 65 57 78 96 62 18 24 94 56 16 72 11 0 52 7 71 12 7 98 31 43 34 92 0 90 80 43 42 46 74 84 11 32 62 59 94 80 36 40 89 52 64 52 4 17 59 76 81 18 26 64 14 12 57 14 54 89 57 48 
35 83 32 98 15 95 57 62 75 45 2 16 97 67 69 2 36 80 30 69 99 56 33 65 20 90 31 75 79 40 23 66 23 56 64 39 51 74 53 78 19 7 47 69 74 16 23 62 48 53 31 99 61 65 64 81 7 47 56 39 87 80 5 11 88 70 2 39 96 7 69 15 14 16 84 41 84 7 3 33 12 87 84 73 52 49 55 11 96 63 50 36 95 8 99 83 30 1 74 26 
60 44 41 74 12 78 15 49 37 71 34 50 58 18 75 62 19 30 73 16 46 76 4 41 84 3 77 14 56 51 40 16 47 33 90 12 11 58 61 1 29 95 51 87 65 26 1 85 9 74 53 7 2 57 48 86 60 77 52 16 81 92 32 28 78 74 92 41 32 5 42 13 52 93 52 18 72 53 3 81 80 56 88 82 65 88 21 25 18 73 41 99 18 25 79 96 99 72 37 84 
77 80 49 30 25 2 0 97 7 3 30 87 11 70 22 76 11 43 53 29 68 46 28 86 71 7 34 22 31 72 58 61 4 8 91 81 10 91 79 69 46 61 57 9 32 79 37 43 74 90 72 42 88 52 81 11 11 15 33 43 39 44 56 43 52 47 25 14 90 56 83 88 69 92 97 1 23 34 96 97 76 20 92 64 72 73 75 36 88 60 31 28 4 87 23 8 86 0 74 76 
56 58 16 26 2 65 79 26 51 76 23 27 48 67 43 73 40 70 9 29 82 40 9 39 79 32 47 65 33 74 93 41 32 9 19 34 74 51 12 25 79 36 4 27 3 99 0 96 69 9 77 3 1 86 42 80 18 42 97 3 16 90 45 0 51 16 86 77 67 99 2 46 35 58 74 90 57 26 86 78 36 15 82 89 1 76 22 72 18 19 75 86 10 72 86 13 41 73 91 8 
72 45 55 59 4 81 1 61 7 40 92 95 55 74 85 57 2 7 29 21 78 56 7 40 81 46 54 22 19 45 82 91 90 89 2 94 70 3 8 30 43 0 77 99 26 62 56 28 21 37 1 52 45 61 92 26 7 46 0 26 91 83 69 34 24 71 80 95 74 88 77 70 40 54 69 18 69 25 99 42 14 52 94 59 13 87 38 20 85 38 98 29 73 19 63 98 42 43 45 69 
84 74 39 24 28 8 95 49 85 94 92 99 46 38 10 12 25 48 84 63 39 35 92 12 54 55 62 49 50 59 18 34 33 9 11 62 17 58 11 54 4 55 5 50 94 15 14 71 16 99 34 55 86 26 19 40 33 34 41 36 93 59 70 27 68 33 41 37 91 4 43 95 60 48 98 6 16 64 77 32 63 64 39 49 42 10 42 76 44 35 12 38 95 34 17 15 20 58 5 11 
14 48 59 74 97 9 32 65 73 62 97 89 26 88 90 68 98 84 96 43 20 8 33 67 95 50 82 15 8 39 78 22 88 37 49 37 98 33 2 72 95 51 61 73 39 3 42 37 88 38 80 8 99 65 75 94 15 9 61 75 1 39 50 89 77 51 78 75 84 32 99 32 83 12 5 22 16 47 59 56 38 92 64 89 57 91 35 25 52 96 0 53 35 2 94 64 53 24 40 90 
56 91 22 39 4 27 13 72 27 25 28 17 69 44 6 78 87 41 3 91 37 56 45 24 58 91 89 64 68 81 54 24 72 76 16 28 55 29 0 34 54 28 51 23 72 9 2 59 50 57 3 39 13 0 16 24 91 5 88 11 38 42 36 10 70 4 39 25 33 91 60 40 20 63 15 44 73 69 56 75 27 59 15 92 59 31 16 2 88 4 14 26 98 2 88 68 6 79 46 39 
71 58 31 43 21 47 87 46 16 95 22 95 54 89 88 65 72 56 20 60 13 34 38 11 36 26 32 94 6 30 33 29 88 17 72 61 64 59 60 80 7 82 28 13 71 16 79 95 72 99 55 37 85 45 49 73 71 33 67 29 63 52 58 3 69 30 16 33 42 76 66 1 10 94 14 81 62 45 76 86 96 83 24 81 80 25 54 52 58 73 33 73 26 44 28 95 26 96 81 20 
73 99 21 83 45 36 17 59 33 45 45 30 81 21 11 61 46 18 65 56 91 51 81 69 95 9 17 21 6 98 42 31 49 15 66 94 3 35 5 37 33 50 19 14 72 30 27 18 0 45 27 44 96 8 13 91 18 30 64 76 80 58 59 81 74 25 75 29 61 32 66 46 83 85 60 7 68 39 25 20 84 4 64 80 13 30 23 83 60 40 11 93 98 70 74 24 95 2 54 8 
34 72 54 17 10 66 24 78 58 2 98 42 6 15 75 71 45 50 54 57 90 65 50 89 87 77 65 35 79 19 95 13 92 2 83 2 68 59 32 78 13 82 21 72 49 48 43 94 98 50 4 89 67 54 30 55 31 95 42 62 67 37 28 59 39 63 13 60 74 97 38 88 31 59 12 81 7 7 75 58 57 31 47 77 86 77 84 69 24 26 84 91 63 12 2 3 27 67 15 1 
64 53 89 48 65 1 29 24 9 56 82 18 88 81 47 26 58 31 47 35 9 31 26 73 95 81 28 22 48 43 24 65 48 65 65 13 67 94 38 28 50 72 98 90 54 46 16 64 29 16 99 39 47 78 64 95 59 44 17 59 39 93 76 87 59 41 53 78 87 91 58 90 63 8 80 69 6 49 34 36 65 33 27 64 63 91 11 74 35 81 86 74 74 62 13 85 56 66 63 43 
9 73 33 25 82 66 94 88 67 28 76 84 14 3 0 29 94 12 4 81 93 90 7 19 4 73 5 12 39 20 56 49 94 41 74 76 59 20 16 26 1 93 62 15 96 63 44 43 75 0 76 68 42 36 87 47 9 44 59 48 65 67 49 59 61 75 87 20 96 55 99 97 48 61 64 97 24 60 92 51 61 68 71 3 4 59 2 13 55 62 14 20 81 15 31 42 91 18 15 39 
26 66 88 74 79 52 23 56 12 15 7 25 84 79 81 40 90 83 6 45 97 72 66 79 87 49 73 78 20 40 69 46 58 57 72 38 61 96 94 26 11 53 51 47 32 32 40 74 68 46 20 65 70 38 96 57 87 22 88 7 62 57 5 73 67 78 11 28 74 57 54 37 10 58 37 95 42 29 69 10 27 41 28 97 79 24 54 19 46 42 78 61 52 84 34 19 62 97 99 88 
6 6 77 68 64 14 63 58 95 85 21 22 26 49 19 58 25 74 29 24 68 7 85 20 91 71 91 5 20 43 93 26 49 23 94 65 37 10 23 33 95 96 55 73 45 27 31 71 1 60 95 21 20 32 42 11 3 85 69 23 80 14 1 29 37 95 46 27 5 22 60 52 18 67 26 64 46 9 87 47 22 82 69 42 66 63 5 21 0 26 96 81 41 97 62 78 92 9 5 50 
31 17 54 49 37 80 13 83 42 52 83 16 86 52 58 52 67 15 73 19 42 69 0 83 66 15 61 11 24 19 13 55 36 67 56 73 0 22 57 42 74 92 58 61 96 68 65 63 35 39 34 77 60 87 12 79 2 26 42 26 45 55 33 33 22 89 59 22 63 68 16 38 60 26 51 56 94 16 19 82 7 5 59 68 92 24 99 94 2 41 72 99 96 5 32 70 47 91 93 10 
59 61 0 19 88 51 75 34 68 46 16 75 52 28 95 96 52 94 91 54 35 63 53 31 21 37 2 68 29 47 30 40 8 31 12 48 34 39 83 2 38 99 30 42 27 25 38 79 20 29 85 7 45 90 91 66 28 45 86 9 92 68 49 52 51 13 1 86 53 36 40 91 35 70 33 63 48 71 94 20 53 32 27 98 22 70 16 2 15 54 11 59 22 13 64 26 78 17 12 31 
53 4 22 88 27 7 51 75 31 98 47 84 30 74 34 4 97 2 7 12 56 70 72 30 35 36 56 14 53 20 45 6 25 20 46 52 79 50 79 10 48 26 94 30 52 80 34 49 82 41 14 90 64 86 73 99 74 29 13 27 2 11 85 79 83 31 83 62 81 62 73 81 40 19 11 44 52 46 46 86 39 60 77 3 46 50 3 20 31 68 99 85 79 36 64 14 67 99 77 1 
13 50 82 5 21 94 50 73 92 96 60 31 56 89 35 54 91 90 26 74 58 25 60 90 61 76 4 80 76 33 81 89 35 16 95 57 10 97 30 2 45 42 85 1 31 20 7 22 10 33 97 21 10 9 63 23 85 19 3 13 53 37 55 88 53 2 45 15 99 28 69 44 22 54 97 54 27 4 28 89 89 77 10 99 38 73 22 24 93 77 89 98 14 44 86 19 46 84 34 97 
12 3 93 86 10 42 92 37 98 21 26 87 50 37 86 89 62 60 65 7 90 54 57 4 51 44 24 49 28 10 47 92 14 92 78 24 35 71 61 33 44 39 73 46 76 11 35 91 72 0 50 14 7 8 18 58 4 94 7 32 5 6 76 71 99 6 47 86 29 60 71 25 99 44 72 28 56 7 19 80 60 21 94 19 81 64 77 85 11 84 69 16 43 45 39 42 4 86 80 33 
46 51 59 45 48 31 25 56 90 96 88 2 18 82 21 99 98 98 37 9 35 6 77 78 4 16 72 8 54 4 93 0 55 4 98 55 87 23 11 78 20 99 32 90 33 54 89 84 4 26 93 91 85 23 21 89 39 93 97 46 49 42 46 5 47 96 12 34 20 24 64 92 75 97 82 61 3 23 45 7 2 90 99 87 65 72 76 57 66 25 3 15 67 49 72 14 46 37 1 18 
13 65 10 88 62 92 1 65 67 46 25 69 89 76 56 54 48 84 11 66 9 14 82 29 16 6 43 14 95 44 32 8 62 94 97 24 38 50 42 5 97 67 75 38 43 83 44 91 68 56 58 29 22 92 58 38 50 2 4 46 98 36 54 12 82 3 37 20 54 31 78 3 50 5 93 93 88 37 36 8 45 46 38 68 90 96 58 93 50 63 39 1 51 45 13 34 1 2 6 7 
33 36 62 83 41 55 28 82 92 65 90 38 63 80 58 54 77 16 99 27 31 38 80 83 35 94 69 88 96 27 95 30 16 57 65 57 64 94 91 9 11 34 99 74 14 57 80 91 25 79 71 57 69 51 92 57 45 13 45 94 92 93 76 8 2 41 66 19 35 9 28 98 43 27 25 58 36 57 1 61 89 72 70 10 76 14 67 73 27 65 67 20 10 43 28 64 85 46 83 72 
56 63 23 99 90 48 9 78 5 11 92 46 83 62 57 11 77 76 85 56 41 4 76 3 48 57 68 85 55 3 9 63 67 32 15 9 32 24 88 90 35 80 36 71 94 93 82 71 70 19 80 63 24 8 67 24 17 87 61 73 42 70 88 9 55 3 71 87 28 11 77 15 91 14 38 37 59 73 61 29 92 41 45 68 49 64 92 67 3 53 92 45 76 80 7 31 36 78 70 16 
89 0 31 32 66 22 69 25 95 30 7 39 23 52 8 73 68 52 92 71 58 36 16 34 16 23 17 52 1 87 20 42 39 52 74 5 74 96 83 21 26 90 60 50 94 20 75 62 73 19 33 83 55 49 17 71 25 86 76 78 25 96 21 65 0 95 70 26 91 5 47 70 95 60 72 41 80 47 3 5 66 88 88 73 90 57 96 15 43 72 93 69 21 66 86 73 62 8 52 5 
14 51 27 61 11 99 3 44 98 58 49 64 47 90 89 89 47 86 4 91 10 49 12 83 16 98 57 30 58 61 87 72 12 15 34 76 14 37 20 13 47 21 29 94 11 19 83 59 5 39 2 15 41 66 51 9 16 8 39 74 69 78 47 33 93 33 9 60 22 81 73 69 3 54 16 66 25 51 77 82 91 31 98 84 97 49 93 13 9 84 88 30 62 87 15 8 20 25 68 42 
58 41 11 13 47 27 80 73 79 9 55 22 41 5 6 38 6 51 4 67 87 92 49 1 31 65 9 51 42 77 93 0 70 4 14 18 84 46 43 63 55 98 37 96 56 95 87 62 46 91 82 85 35 31 86 66 96 96 17 38 73 62 39 96 66 5 66 50 51 9 65 6 59 2 3 15 49 42 30 95 33 12 80 20 95 19 38 92 15 55 82 40 17 73 88 35 78 54 38 29 
63 55 88 23 10 43 90 59 85 20 7 70 84 39 90 80 58 28 24 25 35 6 66 4 32 54 91 10 9 29 92 24 37 32 47 47 75 38 6 12 10 65 82 47 5 24 27 63 4 3 89 39 61 7 95 93 13 86 56 74 68 0 99 57 32 98 4 59 36 62 71 99 28 53 46 33 77 25 48 33 28 89 72 41 96 19 35 10 57 43 84 77 43 35 34 27 34 38 86 22 
53 9 21 33 62 19 18 91 44 66 24 24 56 48 18 4 19 53 66 76 48 51 54 43 86 88 22 72 79 8 95 84 69 68 17 31 88 35 74 84 53 50 61 61 50 79 66 69 32 32 45 32 35 51 75 74 40 97 46 71 57 93 55 26 62 24 9 50 11 35 34 64 85 95 78 35 26 96 56 58 80 53 42 16 5 69 42 97 66 40 68 75 34 75 53 96 99 62 98 10 
49 84 26 34 32 4 21 58 0 77 69 81 83 11 49 88 81 43 85 99 83 5 27 69 80 80 17 31 95 15 41 44 52 67 31 84 24 52 42 76 82 11 9 65 75 58 5 8 53 42 7 37 47 34 58 79 67 76 10 62 43 51 6 95 70 37 79 46 42 74 23 76 85 32 93 12 43 98 20 96 92 28 85 39 14 44 18 81 72 28 43 15 31 2 11 1 91 42 0 33 
16 23 61 2 7 54 14 50 4 87 99 96 15 36 87 81 80 5 63 4 85 58 20 16 12 83 70 4 25 70 89 42 45 51 96 52 57 62 55 62 49 6 10 16 42 98 98 75 3 13 79 41 71 99 9 84 34 79 40 60 1 29 2 98 32 98 3 90 60 10 52 62 16 14 78 10 12 76 85 68 89 17 9 13 68 18 49 3 50 41 63 3 70 65 54 3 15 57 93 27 
67 97 89 83 63 68 45 76 96 31 44 38 48 5 51 16 75 52 19 77 93 34 33 15 99 87 18 66 44 63 94 63 12 35 98 76 55 43 52 52 74 48 90 74 5 93 43 32 97 14 62 90 49 95 5 0 82 76 67 78 91 13 41 4 0 39 80 56 82 84 60 9 84 2 35 41 95 30 73 92 45 35 34 94 82 91 46 16 67 65 94 59 30 87 15 31 78 47 39 13 
31 99 74 67 1 9 60 48 40 85 92 37 73 26 83 55 69 29 72 37 95 18 48 25 6 63 8 36 10 47 49 93 46 23 12 99 85 72 47 77 57 39 14 30 17 97 38 87 78 10 76 25 80 24 3 38 39 11 75 49 59 76 94 57 52 58 9 37 82 56 66 39 48 80 22 65 29 12 52 7 74 28 85 54 4 88 93 43 99 20 44 10 96 90 20 48 48 29 37 30 
37 3 22 85 35 96 51 16 8 55 76 82 84 61 88 40 49 81 84 0 53 28 63 50 19 83 50 19 64 88 50 1 43 24 87 31 20 38 47 80 93 23 62 29 84 50 70 33 84 6 34 37 86 97 39 5 32 90 77 96 30 79 49 25 3 36 56 23 26 4 3 72 27 17 53 12 19 75 97 3 81 83 93 68 32 32 25 64 74 2 12 56 81 14 82 36 50 38 11 29 
94 66 1 22 83 6 86 3 82 35 58 63 19 51 31 51 36 57 68 10 11 32 67 45 46 1 81 49 39 93 78 86 59 79 60 43 85 46 98 19 81 8 83 0 12 14 4 48 23 24 10 87 56 29 32 3 30 13 52 22 6 82 8 66 13 68 61 50 66 11 70 47 19 53 0 31 19 56 31 95 80 42 82 36 23 14 91 54 79 95 28 86 77 36 4 90 56 65 41 22 
76 11 21 47 16 73 79 35 29 62 30 61 56 64 98 80 78 41 34 58 89 62 96 66 50 0 9 58 17 2 80 45 65 53 92 81 27 23 16 8 38 99 70 94 63 20 74 94 61 60 4 2 74 52 21 76 52 30 34 21 84 14 18 49 20 10 30 47 86 98 7 24 97 77 70 13 97 45 7 11 57 63 65 32 15 86 8 19 68 43 40 52 9 58 1 81 20 31 80 58 
82 88 34 79 65 5 44 15 50 3 78 59 66 43 91 33 30 52 52 98 47 44 3 8 54 4 90 27 88 70 85 70 58 20 1 76 77 98 43 79 1 21 38 20 16 30 53 98 34 6 97 81 2 0 89 57 56 31 84 44 54 21 66 12 93 68 40 70 66 35 49 19 56 88 39 25 70 93 23 56 51 72 37 53 72 78 62 81 62 98 77 16 20 44 80 65 64 21 88 82 
8 89 1 17 77 93 42 99 86 65 55 89 38 44 42 62 75 5 43 89 55 21 5 27 17 85 93 81 58 81 63 67 70 16 84 0 9 78 51 47 43 59 36 33 55 31 96 82 88 91 71 43 64 76 71 81 14 16 62 24 49 77 43 71 46 27 71 55 57 75 55 1 86 43 34 41 74 82 24 62 74 47 58 90 76 29 72 90 97 86 66 46 64 10 17 10 89 41 17 47 
16 24 48 2 68 34 95 42 17 71 57 43 19 15 33 95 96 57 37 93 44 3 39 8 13 56 70 3 97 39 2 65 16 50 19 84 36 15 78 5 86 35 0 57 2 34 4 98 91 93 91 35 97 82 95 62 39 17 17 88 9 19 6 25 21 25 61 58 40 39 15 79 27 16 88 29 50 93 28 93 38 71 81 35 54 28 50 45 98 19 85 7 39 91 84 12 17 45 22 9 
84 38 40 11 54 81 93 56 26 21 1 64 44 82 52 50 63 2 95 61 21 81 20 12 24 4 77 93 49 99 3 85 89 95 49 43 76 42 51 2 15 53 19 11 35 71 62 50 73 57 11 46 90 31 11 67 87 40 60 36 39 15 74 81 63 75 24 91 17 76 94 84 81 13 95 68 84 9 19 9 67 30 7 9 14 18 28 1 58 41 90 50 56 16 31 19 91 7 11 60 
35 57 44 16 22 91 85 58 1 4 19 20 86 26 81 52 97 10 54 7 51 96 9 59 12 40 31 3 0 94 15 87 3 11 4 25 2 41 35 55 97 54 75 35 80 9 88 29 71 94 37 74 42 46 33 54 39 16 9 91 10 24 78 13 35 34 90 89 75 25 45 24 31 72 12 64 81 52 93 4 46 82 78 88 81 64 94 20 32 55 11 95 79 89 60 66 24 51 7 51 
28 52 28 60 77 92 76 10 44 21 15 90 4 45 30 85 61 24 5 94 31 68 89 10 9 49 28 85 52 35 37 81 40 17 93 69 9 21 79 53 42 46 95 46 92 77 31 53 53 88 99 84 8 88 94 18 38 74 3 42 61 92 23 1 9 68 70 70 89 2 75 32 48 70 78 92 47 62 46 0 2 97 84 11 86 30 29 76 56 84 18 18 77 94 71 38 62 94 9 4 
96 84 36 44 55 66 89 54 80 87 7 83 84 43 94 70 74 75 98 82 59 17 0 88 63 72 27 25 66 36 29 14 72 17 10 79 84 99 34 64 86 41 99 71 36 45 93 10 72 92 45 84 61 45 72 24 69 99 1 87 87 83 1 60 0 64 39 36 63 25 53 50 18 52 73 55 50 66 17 22 10 62 6 71 8 79 47 29 30 49 17 18 32 70 78 84 34 69 73 98 
95 26 0 13 30 73 68 32 91 86 55 2 48 61 73 8 92 73 38 23 22 7 93 6 77 23 90 12 92 15 62 39 41 62 5 24 35 73 56 26 11 11 80 12 25 54 20 69 27 10 44 1 17 37 7 95 12 49 59 57 65 21 96 58 83 1 34 70 27 91 48 90 54 29 2 31 35 75 53 14 85 97 15 55 87 74 50 51 75 61 8 92 82 5 3 17 58 37 87 85 
80 87 76 87 16 30 18 3 5 23 17 43 73 32 98 12 58 0 63 34 61 72 78 95 29 81 12 39 19 51 77 51 38 53 38 7 35 9 10 41 32 28 36 5 12 34 17 23 86 33 9 99 5 87 94 86 69 58 25 40 61 54 91 99 7 82 58 95 91 21 36 23 49 24 81 13 58 98 88 96 31 97 95 88 85 41 26 6 51 4 98 12 58 41 63 18 23 22 13 14 
43 1 90 44 25 71 9 35 21 98 31 5 95 78 45 32 71 72 90 22 28 88 86 38 30 49 56 5 23 21 20 18 22 62 14 47 33 76 34 54 74 65 11 21 95 57 6 18 81 96 92 9 85 78 99 67 80 56 72 55 29 44 74 52 6 40 51 39 16 86 46 42 3 57 64 51 14 22 69 47 18 62 8 55 92 8 22 24 64 47 80 45 91 6 97 98 46 1 89 63 
39 35 57 94 45 21 45 11 95 67 59 14 81 67 21 73 75 96 98 91 43 30 37 34 36 86 84 82 39 74 97 78 61 55 73 6 28 70 18 24 89 29 90 70 48 11 96 76 7 94 67 50 76 56 37 12 95 21 46 34 47 44 65 9 51 90 67 31 60 37 55 50 66 97 72 67 9 68 43 68 14 62 71 90 19 8 2 66 81 1 52 81 97 17 90 48 7 57 79 20 
95 87 22 13 84 94 80 93 15 23 14 29 86 85 20 57 93 74 75 26 75 27 7 72 97 49 72 56 7 52 28 54 91 50 19 75 97 0 21 12 75 35 41 13 20 13 22 65 40 97 91 15 77 51 40 74 0 12 82 59 16 11 65 7 13 85 35 10 37 56 74 64 91 68 78 11 81 52 76 73 50 19 41 79 22 81 5 23 45 87 34 14 98 0 73 64 37 8 74 74 
64 49 38 55 69 68 18 2 21 46 76 23 18 17 2 40 50 7 15 95 46 50 61 97 2 35 61 39 43 35 13 60 36 3 67 5 24 86 60 45 84 36 68 2 53 22 95 3 29 10 50 27 12 64 24 14 99 85 53 94 73 18 54 61 74 22 19 98 60 79 43 44 15 63 99 20 85 94 75 66 4 25 45 17 89 70 83 40 7 37 35 80 7 41 42 33 63 13 31 23 
92 26 20 59 41 19 79 26 13 54 44 69 31 90 38 21 12 22 13 19 11 48 0 70 90 94 4 5 7 35 81 51 62 1 10 55 20 89 34 85 43 78 54 26 20 93 99 32 15 13 4 78 13 56 48 55 50 52 61 9 88 42 60 2 95 22 57 67 11 91 52 6 22 6 32 94 51 32 79 18 45 83 96 10 39 45 66 41 97 27 2 37 21 14 91 68 36 1 35 99 
44 87 5 66 45 89 13 97 21 92 15 18 27 64 29 18 9 95 59 58 74 13 48 47 79 91 15 15 92 50 14 37 89 71 55 34 60 68 83 82 12 99 52 39 15 81 57 24 28 68 34 2 81 34 49 60 26 16 27 18 66 93 7 7 64 63 94 77 83 77 11 96 28 63 35 43 97 93 19 25 61 54 28 95 88 29 7 14 46 35 85 64 80 92 24 97 7 18 74 91 
95 85 39 24 0 74 19 97 19 39 23 81 45 3 28 33 84 35 0 82 22 37 47 3 81 71 52 89 41 26 32 36 63 71 12 63 97 32 13 17 23 88 50 68 91 78 53 75 13 53 58 88 42 57 43 24 80 95 65 21 21 97 9 36 20 74 51 17 58 64 34 81 52 84 49 95 62 54 23 28 8 33 68 2 90 11 26 22 6 91 95 79 40 56 15 60 30 18 78 88 
83 64 21 87 49 22 35 63 77 58 43 37 91 11 39 33 74 18 7 80 9 2 59 2 10 26 62 41 45 92 81 80 57 3 19 58 77 54 73 54 64 17 91 7 80 31 92 55 49 99 87 10 53 99 12 64 25 27 57 22 19 38 54 76 93 74 34 71 28 60 77 45 77 69 52 9 52 45 16 53 96 4 63 50 3 28 66 80 55 23 55 26 13 9 3 59 83 89 82 64 
49 59 9 78 28 13 40 32 58 56 85 55 12 49 57 67 29 23 48 84 98 3 10 63 64 65 22 48 7 56 64 8 16 73 87 96 38 79 29 97 87 14 4 0 15 61 67 44 84 15 80 34 70 43 97 35 60 20 35 67 28 99 76 44 24 15 93 62 46 22 11 33 88 15 33 56 76 1 0 12 68 33 46 91 28 44 78 88 16 13 56 44 64 84 41 88 99 34 2 45 
8 14 78 48 81 64 4 10 17 57 22 85 42 21 28 70 17 6 58 85 71 66 81 35 50 22 75 1 8 78 98 68 44 29 69 25 93 25 35 10 82 10 47 76 83 76 46 0 34 5 37 6 23 18 41 74 93 17 75 53 95 26 74 91 55 43 68 48 68 4 10 3 66 57 79 49 85 26 1 20 83 38 26 6 8 67 80 1 36 8 7 83 34 81 74 89 24 43 89 44 
99 51 47 65 8 27 66 46 53 19 66 36 9 44 94 17 63 27 71 0 35 78 83 21 11 58 62 35 53 3 79 52 54 27 69 14 6 87 60 59 6 78 47 67 22 41 84 86 20 7 38 7 37 21 28 48 31 42 35 84 45 15 88 51 94 9 66 52 48 78 11 6 9 10 73 31 3 10 69 24 17 7 31 55 81 60 3 12 54 39 49 0 6 37 51 52 99 69 4 47 
48 67 54 57 77 79 40 80 89 62 56 7 69 88 14 2 0 17 15 54 8 64 54 66 53 58 70 4 27 26 4 75 93 10 84 22 89 25 55 79 87 11 38 8 99 52 11 51 21 78 6 82 94 12 0 99 70 71 4 50 49 8 77 43 18 62 17 59 39 72 38 78 36 28 86 87 32 49 39 54 27 45 88 73 9 88 73 32 11 77 82 61 37 11 56 7 73 73 66 64 
98 57 42 34 85 81 21 18 30 60 24 10 57 64 83 19 52 56 51 16 85 85 77 74 96 85 81 22 58 48 86 56 57 81 42 94 62 64 64 44 76 88 6 34 4 90 53 9 98 56 25 36 41 54 10 37 39 44 59 49 92 98 58 1 79 0 95 41 64 60 85 41 0 92 27 5 34 32 14 84 88 91 20 29 45 83 18 84 27 78 85 71 76 43 72 7 44 19 48 60 
79 85 1 80 29 80 37 15 12 51 0 0 42 72 81 39 7 0 75 34 78 60 57 6 4 81 13 48 1 13 60 80 50 62 12 80 94 49 95 7 52 47 59 94 20 41 85 27 41 60 14 19 21 71 77 77 53 42 77 6 55 37 86 5 51 51 37 46 0 33 53 5 80 12 99 52 53 85 32 94 97 46 65 18 69 94 95 74 36 72 80 91 10 19 49 61 70 86 59 22 
71 12 27 52 77 79 56 82 16 88 29 13 34 46 84 56 41 79 30 77 4 11 21 66 30 70 79 52 8 39 74 80 3 2 84 80 81 40 63 97 81 44 62 67 90 46 23 31 78 54 61 82 17 82 0 47 4 79 99 64 18 25 44 22 27 28 54 60 21 69 9 2 13 72 21 56 70 45 87 48 51 0 82 68 82 82 15 38 62 66 3 32 91 47 6 71 28 61 31 1 
30 93 55 96 17 76 52 87 21 39 36 72 92 70 92 74 53 59 65 67 25 68 99 69 67 6 92 47 19 23 0 49 68 55 45 85 84 97 73 57 89 61 30 33 31 74 59 36 34 24 3 11 44 55 80 64 13 72 63 32 48 64 81 68 71 79 54 55 28 79 13 69 40 95 2 23 69 62 60 3 38 15 15 83 70 47 47 83 72 10 15 72 26 49 40 98 80 94 53 8 
25 18 30 65 13 32 89 35 46 1 38 85 16 5 20 87 5 67 22 77 29 38 1 56 39 41 6 19 88 59 79 13 30 9 31 43 94 72 30 92 73 69 77 41 26 49 80 83 68 3 12 98 93 13 6 32 7 12 3 47 23 82 12 5 92 43 49 38 15 79 30 40 0 60 82 79 9 62 14 78 17 27 28 10 40 86 94 99 50 97 46 25 80 59 31 24 54 32 62 70 
63 92 62 64 4 96 95 14 59 9 44 28 88 72 39 81 58 33 80 60 83 79 85 63 90 16 39 44 48 1 66 12 45 29 28 2 25 75 16 36 36 12 65 25 84 56 6 94 41 86 6 24 17 91 39 7 8 78 52 8 31 18 20 29 99 0 31 77 75 99 13 12 11 30 37 47 86 95 93 80 33 99 4 51 42 44 10 50 74 62 11 6 33 31 87 84 84 18 61 11 
69 27 23 32 9 12 31 48 59 24 28 93 75 32 96 17 28 6 20 3 21 31 9 6 14 96 90 98 66 4 10 87 83 85 19 92 50 50 40 9 26 68 54 1 53 50 70 81 57 90 84 78 73 45 84 88 93 26 38 11 30 0 98 13 38 17 58 88 19 98 49 45 19 4 98 72 54 69 5 63 11 42 41 85 87 77 25 33 4 15 44 34 68 95 0 6 64 58 46 84 
8 95 81 27 51 80 51 58 1 9 21 64 51 15 1 90 92 26 23 96 94 20 83 62 15 35 20 79 45 66 15 53 13 97 33 17 29 84 75 82 93 96 46 96 63 48 87 56 26 62 4 20 34 39 34 49 74 6 81 19 24 96 25 90 45 58 7 74 42 34 8 88 82 55 36 46 3 23 2 81 38 58 54 72 98 40 74 24 47 7 44 71 3 69 61 1 79 20 27 21 
54 36 61 37 91 98 83 46 73 37 79 63 95 33 88 45 74 62 70 73 21 14 44 76 35 58 77 14 78 5 87 33 93 1 22 84 99 57 82 24 46 61 88 41 47 76 87 73 90 57 46 11 23 42 87 10 0 17 76 79 22 15 64 67 16 38 51 15 47 85 92 93 98 80 34 97 8 73 70 50 82 16 61 57 59 0 19 11 17 95 42 91 11 58 58 79 96 61 47 43 
98 39 36 97 19 23 94 79 48 65 29 83 33 42 92 44 42 12 56 60 59 50 3 22 9 62 2 5 75 49 1 74 88 89 71 59 64 17 90 65 34 19 48 20 61 92 64 3 4 72 15 16 23 19 38 32 33 40 89 8 41 42 82 81 32 5 40 48 75 30 13 9 1 13 29 62 58 46 18 62 18 85 30 41 4 69 25 89 61 15 50 3 9 84 84 93 42 77 42 17 
59 7 78 61 73 60 23 31 6 93 45 24 79 76 18 35 97 95 25 58 62 27 61 72 11 98 65 53 75 59 22 34 19 1 95 92 61 71 75 19 64 72 95 95 0 13 31 97 61 8 56 23 35 69 47 46 19 13 52 46 24 74 81 43 75 28 87 88 51 14 7 68 87 3 63 39 68 94 37 29 2 45 5 37 66 52 36 86 17 88 84 42 14 65 37 42 46 25 30 49 
39 90 17 78 93 81 70 13 75 7 43 30 4 0 19 22 52 55 60 70 43 45 12 58 62 49 0 8 26 82 58 18 72 27 48 17 8 18 31 36 77 26 66 81 26 37 4 30 93 64 0 88 61 64 46 24 66 98 32 92 33 42 62 5 70 11 75 30 29 6 66 7 84 84 88 62 22 44 92 67 61 93 55 22 9 54 46 75 4 31 20 37 25 82 95 95 93 70 78 23 
28 96 30 12 81 70 74 55 67 66 22 80 11 77 54 21 83 53 96 88 84 16 25 61 51 20 9 44 90 87 19 70 83 1 82 16 72 8 71 91 75 45 71 38 75 25 59 58 78 8 46 14 76 24 76 27 96 85 72 39 72 91 9 7 93 92 24 17 0 47 60 27 93 31 66 20 8 77 30 39 85 29 5 62 53 81 89 49 18 13 88 42 57 50 50 2 42 26 19 94 
73 31 74 18 14 92 90 22 69 21 13 55 50 19 17 55 52 58 4 23 24 45 17 81 95 19 83 89 45 54 35 71 85 9 89 99 1 80 73 23 53 39 78 3 10 47 58 62 5 14 37 81 11 55 62 58 74 45 99 72 51 35 43 88 96 84 87 50 16 13 73 69 52 3 24 62 50 82 76 7 49 66 89 12 21 3 23 47 1 22 19 52 9 62 41 58 99 80 8 15 
93 33 85 97 36 9 59 38 44 88 97 45 54 38 57 27 42 80 74 43 55 46 95 64 8 36 22 59 69 82 75 62 15 60 60 3 21 71 93 17 59 91 62 65 29 72 92 71 4 67 66 11 65 62 76 73 50 50 33 19 33 60 34 0 72 94 56 45 17 49 63 77 92 77 42 74 1 87 45 6 6 64 17 71 26 45 96 28 96 81 48 81 41 82 33 13 28 89 59 45 
91 74 74 83 51 69 57 53 56 55 11 14 19 28 85 97 26 81 25 22 63 25 55 56 59 88 70 87 78 81 85 21 55 11 4 58 80 14 11 88 69 74 2 40 3 87 37 81 21 14 55 84 40 10 40 99 98 62 39 28 95 76 49 50 87 6 61 20 20 72 60 41 47 15 81 2 54 70 35 75 84 90 11 76 0 4 76 50 18 67 79 14 43 80 16 82 86 77 54 6 
2 67 99 1 82 80 55 36 2 90 64 39 80 75 15 80 31 43 82 50 10 61 16 5 94 32 40 80 10 94 39 64 13 38 65 95 71 20 84 25 62 48 64 42 75 80 74 7 23 56 9 86 70 25 91 64 57 83 96 19 78 35 35 91 26 0 39 49 72 23 74 34 23 91 28 98 23 2 57 98 59 66 84 81 43 28 45 53 11 41 24 41 29 60 85 7 60 24 8 85 
99 82 71 22 25 0 20 48 2 30 47 13 96 31 94 92 11 39 45 23 33 69 16 14 29 1 21 42 77 29 79 76 63 50 50 89 50 23 89 53 53 36 18 1 20 13 93 31 4 90 6 89 60 75 3 41 76 76 35 6 5 14 82 21 65 85 10 15 8 51 20 13 88 39 14 60 4 60 43 8 50 2 50 62 77 53 56 53 30 91 59 87 6 94 8 23 79 70 38 39 
